trunk/data/DEM_demo.txt
ncols         96
nrows         99
xllcorner     229410.03812408
yllcorner     6444772.038147
cellsize      4
NODATA_value  -9999
[rows 58 to 86 of 99, columns 0 to 64 of 96]
-9999 -9999 -9999 445.9018 445.9837 446.0025 446.0631 446.1182 446.1468 446.0865 445.965 445.8565 445.7492 445.6383 445.4821 445.2325 445.0307 444.9312 444.3959 443.9208 443.4988 443.1164 442.9718 442.6675 442.1516 441.7579 441.347 440.7468 440.0448 439.4869 439.2007 439.8423 440.1706 440.3391 440.949 441.2686 441.5143 441.6516 441.8171 442.1561 442.5404 442.8775 443.2113 443.4591 443.8456 444.1629 444.4795 444.7263 445.0592 445.3134 445.6164 445.9133 446.1149 446.4164 446.7829 447.1051 447.4035 447.7292 448.0387 448.297 448.7107 449.2454 449.76 450.0673 450.3134
-9999 -9999 -9999 446.039 446.1047 446.1658 446.2607 446.3237 446.3261 446.2451 446.1761 446.1189 445.9956 445.8954 445.8317 445.6934 445.5321 445.4092 445.283 444.9993 444.7391 444.4833 444.2725 444.0039 443.4297 442.9021 442.5815 442.041 441.342 440.7187 440.5021 440.8966 441.088 441.2534 441.6786 442.1273 442.4371 442.5834 442.7774 443.0248 443.2195 443.6129 443.9523 444.1639 444.5271 444.8513 445.1846 445.4382 445.7306 446.0104 446.3431 446.601 446.8004 447.0701 447.4705 447.8776 448.1745 448.41 448.7385 449.1136 449.5493 450.0182 450.4482 450.8088 451.0401
-9999 -9999 -9999 -9999 446.2422 446.3085 446.4236 446.5333 446.5186 446.4631 446.4355 446.3808 446.2618 446.1928 446.1293 446.0601 445.9644 445.8669 445.7957 445.6526 445.4855 445.3811 445.2669 445.063 444.5819 444.2497 443.92 443.5569 442.8379 442.0549 441.7247 441.7327 441.9428 442.2173 442.5081 442.8999 443.2498 443.4254 443.6973 443.9082 444.0646 444.3787 444.6821 444.8949 445.2905 445.6433 445.8807 446.1354 446.4467 446.7096 447.0494 447.3285 447.5195 447.7936 448.2476 448.6091 448.8841 449.1502 449.4687 449.8814 450.3467 450.744 451.1665 451.4881 451.7818
-9999 -9999 -9999 -9999 -9999 446.4494 446.5555 446.6284 446.6417 446.6237 446.648 446.5962 446.527 446.5023 446.4907 446.4303 446.3493 446.2748 446.2018 446.1348 446.0382 446.0168 445.8524 445.7559 445.5453 445.3524 445.0833 444.8017 444.2495 443.5173 443.1704 443.0761 443.0612 443.2085 443.392 443.7223 444.0001 444.2904 444.6154 444.6475 444.967 445.2202 445.4655 445.7096 446.0446 446.3709 446.741 446.9971 447.152 447.4122 447.7372 448.0778 448.311 448.606 449.0247 449.3409 449.5484 449.8434 450.1255 450.5179 451.0039 451.4466 451.9566 452.1967 452.3358
-9999 -9999 -9999 -9999 -9999 446.5618 446.6667 446.7342 446.7733 446.7824 446.7935 446.7964 446.748 446.7736 446.8061 446.7733 446.7152 446.6773 446.6323 446.5844 446.5699 446.4911 446.3961 446.3311 446.2374 446.0171 445.8134 445.626 445.4232 444.8726 444.5706 444.4179 444.3609 444.2922 444.3262 444.6091 444.8533 445.1535 445.2761 445.5165 445.8167 446.0567 446.2154 446.4834 446.7148 447.098 447.4392 447.7383 447.8709 448.1566 448.4225 448.7266 449.0915 449.519 449.8142 450.1574 450.2828 450.5018 450.7985 451.151 451.6335 452.1166 452.5429 452.664 452.885
-9999 -9999 -9999 -9999 -9999 -9999 446.7613 446.8381 446.9044 446.9532 446.9599 447.005 446.9965 447.0286 447.0469 447.0427 447.0837 447.0658 447.0191 446.9896 446.9855 446.9425 446.8922 446.8721 446.7924 446.6542 446.5216 446.2947 446.0784 445.8613 445.6862 445.5157 445.4857 445.3594 445.3032 445.4772 445.6683 445.9611 446.1115 446.3309 446.5977 446.8425 447.0313 447.2088 447.505 447.8315 448.1226 448.2945 448.5622 448.882 449.149 449.5718 450.0395 450.4815 450.7809 450.8854 451.0593 451.254 451.5372 451.848 452.2124 452.6207 452.9662 453.2058 453.4177
-9999 -9999 -9999 -9999 -9999 -9999 -9999 446.9547 447.0515 447.0881 447.125 447.1568 447.1948 447.263 447.2879 447.2394 447.3461 447.4152 447.3692 447.3598 447.3375 447.3311 447.3341 447.3231 447.2343 447.1594 447.0638 446.8428 446.7 446.4942 446.4091 446.3307 446.2535 446.2115 446.2012 446.3091 446.4851 446.6782 446.8925 447.1589 447.3856 447.5351 447.733 447.9819 448.2392 448.5787 448.7406 448.8777 449.2307 449.5327 449.9368 450.5189 451.0561 451.4765 451.7434 451.8438 451.9632 452.084 452.3053 452.5248 452.827 453.2143 453.5502 453.7126 453.8229
-9999 -9999 -9999 -9999 -9999 -9999 -9999 -9999 447.1483 447.2137 447.2717 447.307 447.3761 447.461 447.4978 447.517 447.5861 447.6636 447.692 447.699 447.6891 447.6796 447.6904 447.6852 447.6498 447.6122 447.5422 447.4055 447.2232 447.1307 447.0501 447.0002 446.9739 446.9525 446.9902 447.0852 447.2648 447.3941 447.5808 447.8387 448.0137 448.2366 448.4393 448.6988 448.9902 449.2821 449.4302 449.6419 449.9483 450.2654 450.6813 451.3175 451.994 452.3761 452.6273 452.6714 452.8011 452.9664 453.0786 453.3277 453.5255 453.7612 454.0049 454.1349 454.3928
-9999 -9999 -9999 -9999 -9999 -9999 -9999 -9999 -9999 447.374 447.4428 447.4976 447.5311 447.6143 447.674 447.7353 447.8311 447.898 447.9133 448.0045 448.0231 448.0217 447.9833 447.9673 448.0097 448.0032 447.9835 447.9176 447.7803 447.6878 447.6581 447.6149 447.6273 447.6544 447.7403 447.7935 447.9333 448.0914 448.2805 448.4892 448.6844 448.8883 449.1674 449.449 449.7341 450.0114 450.1553 450.4161 450.7367 451.0532 451.3828 451.9459 452.449 452.7963 453.0013 453.2226 453.535 453.7631 453.8589 453.9735 454.1663 454.3899 454.5958 454.9156 455.33
-9999 -9999 -9999 -9999 -9999 -9999 -9999 -9999 -9999 -9999 447.5819 447.6386 447.683 447.7307 447.8434 447.9381 448.0415 448.1096 448.1817 448.2334 448.2673 448.3332 448.3427 448.3306 448.3111 448.3658 448.3391 448.2829 448.243 448.1984 448.19 448.2055 448.2361 448.2856 448.3957 448.4981 448.624 448.734 448.9691 449.1566 449.3046 449.5462 449.9302 450.1997 450.4647 450.6247 450.879 451.1907 451.5269 451.8414 452.1582 452.5535 452.9712 453.2378 453.4691 453.7211 454.0432 454.1841 454.2361 454.5844 455.0205 455.3507 455.6075 455.9203 456.3329
-9999 -9999 -9999 -9999 -9999 -9999 -9999 -9999 -9999 -9999 447.758 447.8011 447.8372 447.8932 447.9624 448.111 448.2263 448.3297 448.4435 448.5006 448.5217 448.6247 448.6754 448.6572 448.6698 448.6897 448.6992 448.6706 448.6452 448.6689 448.6883 448.7542 448.8105 448.8825 448.9876 449.1099 449.2611 449.4071 449.6166 449.8203 450.0062 450.2684 450.6399 450.8426 451.0706 451.3215 451.6293 451.963 452.2873 452.6148 452.9138 453.1572 453.3925 453.794 454.0273 454.2144 454.2504 454.4051 454.7664 455.4207 455.9679 456.2968 456.6454 456.8231 456.9548
-9999 -9999 -9999 -9999 -9999 -9999 -9999 -9999 -9999 -9999 447.9316 447.9966 448.0569 448.1279 448.2125 448.2556 448.4066 448.5208 448.7012 448.7675 448.7889 448.868 448.9218 448.9367 448.985 449.0075 449.0598 449.0444 449.0586 449.099 449.1312 449.2299 449.2842 449.363 449.4862 449.6457 449.8386 449.9615 450.0425 450.2338 450.5944 450.9179 451.2641 451.4577 451.6933 451.9313 452.3484 452.6783 452.9949 453.3539 453.6754 453.8557 453.984 454.2473 454.3835 454.5937 454.7971 455.0842 455.6469 456.3287 456.846 457.177 457.3549 457.4381 457.3196
-9999 -9999 -9999 -9999 -9999 -9999 -9999 -9999 -9999 -9999 -9999 448.1911 448.2592 448.3412 448.4331 448.5303 448.6742 448.8029 448.9139 448.9979 449.0403 449.1312 449.1808 449.215 449.2594 449.3045 449.3872 449.3959 449.4383 449.5424 449.6029 449.7126 449.7958 449.9033 450.0488 450.1731 450.3299 450.4357 450.6617 450.8727 451.1859 451.425 451.6583 451.8788 452.0853 452.5084 452.9477 453.2766 453.6347 454.0712 454.3685 454.5991 454.6955 454.7599 454.9726 455.371 455.7304 456.1441 456.7303 457.1904 457.5626 457.7743 457.8518 457.6999 457.8188
-9999 -9999 -9999 -9999 -9999 -9999 -9999 -9999 -9999 -9999 -9999 448.3499 448.4432 448.5495 448.6728 448.7702 448.9058 449.0118 449.1959 449.2474 449.3244 449.4021 449.4399 449.4884 449.5444 449.6403 449.7188 449.7838 449.8447 449.9127 449.989 450.0834 450.1842 450.3046 450.4295 450.6365 450.8223 450.9289 451.0951 451.3734 451.7959 452.0525 452.3157 452.457 452.8112 453.1577 453.5252 453.8292 454.1938 454.6453 455.0045 455.1335 455.2895 455.6174 455.9287 456.3119 456.687 457.1068 457.4397 457.759 458.0111 458.1299 458.0929 458.187 458.2857
-9999 -9999 -9999 -9999 -9999 -9999 -9999 -9999 -9999 -9999 -9999 -9999 448.6284 448.7559 448.8969 449.0071 449.1088 449.25 449.3827 449.4501 449.5564 449.6245 449.6985 449.775 449.8629 449.9305 450.0396 450.1548 450.2632 450.3681 450.4161 450.5417 450.6614 450.7934 450.9276 451.1275 451.2567 451.3806 451.6331 451.873 452.3609 452.6763 452.9388 453.0712 453.485 453.8648 454.2253 454.5722 454.9219 455.2514 455.5735 455.8498 456.1019 456.5281 456.9031 457.241 457.4951 457.7564 457.9659 458.1675 458.3191 458.486 458.5026 458.6492 458.7323
-9999 -9999 -9999 -9999 -9999 -9999 -9999 -9999 -9999 -9999 -9999 -9999 -9999 448.9442 449.0876 449.2224 449.3416 449.4668 449.5976 449.6632 449.7585 449.8584 449.9606 450.07 450.1748 450.2288 450.3329 450.4825 450.6268 450.7494 450.8224 451.0119 451.137 451.2787 451.4291 451.6086 451.7892 451.9248 452.1287 452.4474 452.8634 453.23 453.5375 453.7693 454.2125 454.5932 454.9552 455.3174 455.6384 456.0278 456.3463 456.6817 457.0968 457.4494 457.7332 457.9684 458.0574 458.1652 458.3552 458.502 458.5956 458.7268 458.8791 459.0337 459.1141
-9999 -9999 -9999 -9999 -9999 -9999 -9999 -9999 -9999 -9999 -9999 -9999 -9999 -9999 449.2977 449.4506 449.6069 449.693 449.8185 449.8826 449.9734 450.0854 450.1978 450.3081 450.4209 450.5251 450.6648 450.8087 450.9626 451.121 451.2978 451.4736 451.5917 451.719 451.9306 452.1322 452.3077 452.4477 452.7146 452.975 453.3255 453.8707 454.2075 454.5744 454.9331 455.3206 455.7058 456.0489 456.3984 456.7617 457.0999 457.4442 457.757 458.0014 458.203 458.2998 458.4016 458.536 458.696 458.7979 458.9602 459.061 459.1909 459.2441 459.2842
-9999 -9999 -9999 -9999 -9999 -9999 -9999 -9999 -9999 -9999 -9999 -9999 -9999 -9999 -9999 449.6692 449.812 449.9182 450.0014 450.0985 450.1895 450.3488 450.4608 450.5562 450.6654 450.8242 450.9695 451.1566 451.3236 451.4813 451.6417 451.8648 452.0058 452.2094 452.46 452.6666 452.8532 453.0243 453.3044 453.5711 453.9453 454.4032 454.8769 455.2753 455.6388 456.0571 456.3854 456.7531 457.0964 457.462 457.7912 458.086 458.2693 458.5021 458.57 458.6156 458.7111 458.8335 458.9944 459.1577 459.2712 459.3107 459.3549 459.3175 459.3788
-9999 -9999 -9999 -9999 -9999 -9999 -9999 -9999 -9999 -9999 -9999 -9999 -9999 -9999 -9999 -9999 449.949 450.0673 450.2195 450.3366 450.4723 450.6326 450.7149 450.7958 450.8993 451.0284 451.2715 451.4836 451.6452 451.8683 452.0538 452.2216 452.4463 452.6985 452.9389 453.1819 453.3705 453.6194 453.9253 454.2184 454.5788 454.9517 455.493 455.9207 456.343 456.7081 457.0385 457.4214 457.7457 458.0617 458.3526 458.572 458.7167 458.8425 458.8767 458.9282 458.9971 459.1166 459.2455 459.376 459.4483 459.3939 459.4384 459.4879 459.5367
-9999 -9999 -9999 -9999 -9999 -9999 -9999 -9999 -9999 -9999 -9999 -9999 -9999 -9999 -9999 -9999 -9999 450.2971 450.4694 450.64 450.7479 450.8459 450.9632 451.0652 451.1757 451.2864 451.4644 451.7765 452.0001 452.2643 452.4226 452.6353 452.8403 453.0882 453.3768 453.6319 453.884 454.1627 454.4828 454.7983 455.2107 455.7775 456.2097 456.5927 456.9775 457.3048 457.6749 458.0117 458.3506 458.5496 458.7506 458.9242 458.9882 459.1099 459.1266 459.2175 459.2658 459.3229 459.3205 459.3778 459.4659 459.5257 459.5851 459.6342 459.6886
-9999 -9999 -9999 -9999 -9999 -9999 -9999 -9999 -9999 -9999 -9999 -9999 -9999 -9999 -9999 -9999 -9999 -9999 450.764 450.8706 451.0347 451.1832 451.3019 451.3306 451.4406 451.5534 451.7252 451.9646 452.4449 452.6413 452.8462 453.0826 453.2887 453.5147 453.7375 453.9761 454.3268 454.687 455.0266 455.4566 455.892 456.398 457.2105 457.6201 457.5677 457.8888 458.189 458.4874 458.7687 458.9329 459.0606 459.1992 459.2575 459.2926 459.3169 459.3468 459.3865 459.4129 459.459 459.5072 459.6017 459.6722 459.7283 459.7816 459.8302
-9999 -9999 -9999 -9999 -9999 -9999 -9999 -9999 -9999 -9999 -9999 -9999 -9999 -9999 -9999 -9999 -9999 -9999 -9999 451.1674 451.3444 451.487 451.603 451.7898 451.9384 452.1334 452.2996 452.491 452.7863 453.0081 453.289 453.5094 453.7111 453.9151 454.1291 454.3965 454.7186 455.1555 455.5398 455.9258 456.5809 457.1767 457.6632 458.0242 458.3214 458.5791 458.6891 458.9343 459.1288 459.2372 459.3423 459.4344 459.4691 459.4749 459.4815 459.5048 459.5283 459.5655 459.6099 459.6635 459.7474 459.8174 459.8749 459.9204 459.9537
-9999 -9999 -9999 -9999 -9999 -9999 -9999 -9999 -9999 -9999 -9999 -9999 -9999 -9999 -9999 -9999 -9999 -9999 -9999 451.5013 451.6696 451.7791 451.9435 452.1065 452.3014 452.4857 452.7075 452.9121 453.2096 453.4905 453.6561 453.9209 454.1551 454.3606 454.6059 454.9024 455.2516 455.6415 456.0335 456.4645 457.149 457.6917 458.1144 458.4614 458.7292 458.9668 459.1706 459.3045 459.4055 459.5023 459.5806 459.6302 459.6599 459.6656 459.6416 459.6786 459.7122 459.7422 459.7749 459.8267 459.9031 459.959 460.0162 460.0494 460.0813
-9999 -9999 -9999 -9999 -9999 -9999 -9999 -9999 -9999 -9999 -9999 -9999 -9999 -9999 -9999 -9999 -9999 -9999 -9999 -9999 452.039 452.1161 452.2859 452.4763 452.6877 452.8893 453.0687 453.3453 453.7233 453.909 454.0685 454.3071 454.5682 454.8402 455.11 455.4356 455.7838 456.1972 456.5947 457.1021 457.6305 458.1933 458.6006 458.8571 459.0869 459.3008 459.5028 459.5989 459.6487 459.729 459.7945 459.8387 459.8483 459.8509 459.8532 459.8766 459.9077 459.9281 459.948 460.0028 460.0604 460.1005 460.1476 460.1616 460.1997
-9999 -9999 -9999 -9999 -9999 -9999 -9999 -9999 -9999 -9999 -9999 -9999 -9999 -9999 -9999 -9999 -9999 -9999 -9999 -9999 452.3854 452.4717 452.6685 452.8773 453.0968 453.3101 453.474 453.6931 453.9575 454.2815 454.4771 454.7293 454.9476 455.2895 455.5947 455.9756 456.3253 456.6709 457.1046 457.595 458.1341 458.6223 459.006 459.1919 459.3885 459.5668 459.7169 459.8015 459.8537 459.9056 459.9619 460.0089 460.0239 460.0319 460.0536 460.0799 460.1005 460.1143 460.1202 460.1472 460.1938 460.2247 460.2421 460.2787 460.3034
-9999 -9999 -9999 -9999 -9999 -9999 -9999 -9999 -9999 -9999 -9999 -9999 -9999 -9999 -9999 -9999 -9999 -9999 -9999 -9999 -9999 452.8326 453.0468 453.2611 453.517 453.7325 453.8956 453.9625 454.3582 454.6908 454.9047 455.1663 455.399 455.706 456.0226 456.4103 456.8245 457.192 457.609 458.0657 458.5586 458.9242 459.2298 459.4413 459.6102 459.7583 459.8737 459.9408 460.0129 460.0588 460.0972 460.1332 460.1671 460.1876 460.2275 460.2527 460.2646 460.2775 460.2798 460.2649 460.3137 460.3215 460.3138 460.3774 -9999
-9999 -9999 -9999 -9999 -9999 -9999 -9999 -9999 -9999 -9999 -9999 -9999 -9999 -9999 -9999 -9999 -9999 -9999 -9999 -9999 -9999 453.1927 453.4329 453.6583 453.8967 454.1364 454.2861 454.3741 454.6846 455.0301 455.321 455.57 455.8484 456.0952 456.4156 456.8289 457.28 457.706 458.0898 458.4869 458.8857 459.2257 459.4658 459.6703 459.8385 459.8989 459.9858 460.0628 460.1319 460.1684 460.2187 460.2515 460.2849 460.3214 460.3623 460.3904 460.3943 460.3956 460.3744 460.356 460.3508 460.3719 460.3749 -9999 -9999
-9999 -9999 -9999 -9999 -9999 -9999 -9999 -9999 -9999 -9999 -9999 -9999 -9999 -9999 -9999 -9999 -9999 -9999 -9999 -9999 -9999 -9999 453.8434 454.0516 454.282 454.5058 454.7035 454.8018 455.0166 455.3279 455.7283 456.0278 456.3373 456.5565 456.8228 457.2832 457.7601 458.148 458.513 458.901 459.1991 459.4606 459.6754 459.8524 459.9805 460.0454 460.1074 460.177 460.25 460.285 460.3215 460.3599 460.3922 460.4298 460.4596 460.5166 460.4828 460.4948 460.4954 460.466 460.472 460.4539 460.4493 -9999 -9999
-9999 -9999 -9999 -9999 -9999 -9999 -9999 -9999 -9999 -9999 -9999 -9999 -9999 -9999 -9999 -9999 -9999 -9999 -9999 -9999 -9999 -9999 -9999 454.4065 454.6269 454.8443 455.1327 455.2379 455.3852 455.6647 456.0981 456.5091 456.8636 457.2112 457.4987 457.8452 458.239 458.621 458.9627 459.2493 459.5162 459.6542 459.8601 459.9953 460.1086 460.1898 460.2213 460.2816 460.3161 460.3742 460.4153 460.4457 460.493 460.5229 460.5149 460.5913 460.5867 460.6053 460.6083 460.5891 460.5128 460.5017 -9999 -9999 -9999
