trunk/data/DEM_demo.txt
ncols         96
nrows         99
xllcorner     229410.03812408
yllcorner     6444772.038147
cellsize      4
NODATA_value  -9999
[rows 29 to 57 of 99, columns 0 to 64 of 96]
-9999 -9999 -9999 -9999 -9999 -9999 -9999 -9999 -9999 431.5561 430.7409 429.8244 428.7899 427.7852 426.8731 425.8969 424.9995 424.3334 423.7176 423.1728 422.6592 422.1044 421.7001 421.6025 421.5046 421.252 420.8558 420.2932 419.6563 419.2188 418.4898 417.7169 417.4227 417.6874 418.318 419.1018 419.7897 420.5051 421.1563 421.7345 422.3174 422.9206 423.4888 423.8087 424.1034 424.3593 424.5641 424.5761 424.7419 425.07 425.3872 425.7717 426.1891 426.2268 426.8433 427.3499 427.744 428.1103 428.4192 428.7062 429.124 429.4062 429.7415 430.0905 430.4142
-9999 -9999 -9999 -9999 -9999 -9999 -9999 -9999 433.1806 432.806 431.9214 430.8434 429.7522 428.6801 427.5279 426.5286 425.5483 424.7251 424.1614 423.725 423.2641 422.6868 422.3716 422.292 422.3417 422.0681 421.6501 420.9761 420.2027 419.6797 418.4995 417.5364 417.8403 418.3919 418.9924 419.7538 420.4648 421.1205 421.6688 422.2331 422.9169 423.4911 423.9992 424.332 424.5957 424.8497 425.0427 425.1468 425.3076 425.5869 425.8766 426.244 426.5619 426.822 427.2911 427.7372 428.3185 428.7866 429.1657 429.4789 429.8059 430.0268 430.3533 430.6073 431.0446
-9999 -9999 -9999 -9999 -9999 -9999 -9999 -9999 433.9132 433.5793 432.9196 431.8166 430.6726 429.6448 428.3428 427.2369 426.1657 425.2763 424.626 424.1891 423.7596 423.3355 423.1429 422.8856 422.8514 422.7288 422.2458 421.4117 420.5074 419.6546 418.4527 417.7102 418.0956 418.9122 419.5789 420.3115 421.0321 421.6169 422.1294 422.7525 423.4699 423.9662 424.4308 424.8097 425.0296 425.3102 425.4774 425.6826 425.8757 426.2079 426.4486 426.7487 427.0599 427.4677 427.8252 428.2589 428.8305 429.3653 429.8643 430.1805 430.3772 430.5785 430.9409 431.3006 431.7382
-9999 -9999 -9999 -9999 -9999 -9999 -9999 434.9684 434.4249 434.0862 433.6133 432.6426 431.4241 430.5154 429.3406 427.9606 426.7654 425.9274 425.2306 424.7504 424.2349 423.9102 423.7475 423.5268 423.312 422.9395 422.4444 421.6104 420.7003 419.9339 419.1769 418.8236 418.4141 419.2978 420.2488 420.9199 421.5941 422.2045 422.7868 423.3231 423.9128 424.4566 424.8633 425.1665 425.4145 425.6837 425.9441 426.251 426.4264 426.6497 426.9822 427.2771 427.6621 428.0518 428.3629 428.7119 429.2594 429.8347 430.2613 430.6613 431.011 431.2855 431.6628 432.0434 432.5251
-9999 -9999 -9999 -9999 -9999 -9999 436.2397 435.6095 435.0923 434.5945 434.0519 433.3102 432.391 431.5151 430.3047 428.8715 427.5962 426.7393 426.1175 425.4689 424.8418 424.4312 424.2784 424.109 423.6791 423.1908 422.6277 421.814 421.1735 420.8397 420.4633 419.9582 419.1516 419.8431 420.804 421.5023 422.1697 422.8035 423.3765 423.9474 424.5064 425.0023 425.3224 425.515 425.785 426.1369 426.4294 426.7706 426.9702 427.1309 427.494 428.0412 428.4049 428.6783 428.8963 429.1263 429.6041 430.2341 430.6165 431.0953 431.5559 431.9758 432.3498 432.89 433.418
-9999 -9999 -9999 -9999 -9999 437.5697 436.7819 436.1281 435.6284 435.1283 434.535 433.954 433.4177 432.4615 431.2626 429.8275 428.5502 427.5836 426.9724 426.2475 425.632 425.0656 424.7138 424.469 424.0259 423.3901 422.7321 422.1081 421.8645 421.6128 421.2271 420.3933 419.9556 420.3191 421.233 422.0183 422.7448 423.3617 423.8112 424.497 425.0486 425.5038 425.8047 426.0026 426.2855 426.5825 426.9146 427.2492 427.5371 427.8563 428.4014 428.9642 429.1227 429.2262 429.481 429.751 429.8524 430.2774 430.8938 431.4901 432.1346 432.5552 433.0659 433.5982 434.1122
-9999 -9999 -9999 440.5296 439.305 438.2422 437.4488 436.7603 436.11 435.5586 435.0096 434.442 433.869 433.1801 432.0155 430.775 429.6205 428.6126 427.6599 427.0302 426.4276 425.7362 425.2418 424.7677 424.2743 423.6809 422.9824 422.5193 422.3862 422.1582 421.7644 420.8423 420.4276 421.1102 421.791 422.5798 423.355 423.7729 424.4052 425.0573 425.5904 425.9826 426.2683 426.5122 426.846 427.1581 427.5146 427.8661 428.2087 428.5446 429.1135 429.4807 429.6684 429.8522 430.0556 430.3528 430.3737 430.4103 431.2093 431.9953 432.6905 433.2342 433.7232 434.2422 434.6671
-9999 441.862 441.3885 440.5484 439.5358 438.642 437.9799 437.2563 436.6102 436.0199 435.4801 434.8898 434.2445 433.5664 432.6269 431.775 430.8669 429.7183 428.5854 427.7908 427.0039 426.36 425.7354 425.178 424.5307 423.9409 423.4081 423.0993 422.8731 422.5927 422.1365 421.1703 421.2598 421.7143 422.4281 423.2656 423.9608 424.4969 425.1065 425.7279 426.1884 426.4713 426.7916 427.1104 427.5162 427.8015 428.1509 428.5761 428.8595 429.2926 429.6732 429.8926 430.1496 430.3383 430.5283 430.8875 431.0341 430.7748 431.5235 432.481 433.2946 433.9531 434.3894 434.8427 435.1477
442.3098 442.0728 441.655 440.7722 439.8963 439.131 438.4125 437.7127 437.0618 436.5035 435.9576 435.3044 434.7226 434.0194 433.3003 432.7137 431.9139 430.9048 429.682 428.5861 427.7284 427.0298 426.3731 425.6548 424.9768 424.2018 423.878 423.675 423.2744 422.8537 422.2407 421.3571 421.9267 422.3024 423.1992 424.0692 424.6859 425.2408 425.973 426.5101 426.8374 427.1807 427.4686 427.8676 428.2738 428.4581 428.859 429.1913 429.4621 429.8349 430.1265 430.4084 430.6805 430.986 431.2277 431.5515 431.8592 431.6781 431.6251 432.679 433.6802 434.3076 434.8442 435.2719 435.5691
442.5594 442.3684 441.9496 441.2179 440.3744 439.6763 438.998 438.3177 437.5652 436.9345 436.3459 435.8377 435.2093 434.56 434.0652 433.5296 432.8317 431.8881 430.5923 429.5432 428.6224 427.8489 427.1432 426.283 425.3611 424.6981 424.51 424.1063 423.735 423.1994 422.5249 421.8358 422.4891 423.1084 423.9977 424.8232 425.5358 426.2424 426.8398 427.3054 427.6795 428.0081 428.3163 428.6285 428.9489 429.3508 429.7112 429.9444 430.2453 430.6126 430.7085 431.1068 431.3258 431.6835 432.0895 432.4276 432.6182 432.6154 432.4962 432.8566 433.8921 434.6469 435.3316 435.72 436.139
442.8365 442.6828 442.3928 441.8763 440.9779 440.1576 439.5164 438.8589 438.1945 437.4936 436.7986 436.3334 435.7494 435.056 434.5779 434.1041 433.3599 432.4107 431.3612 430.4659 429.6181 428.8713 428.1414 427.2492 426.0293 425.6504 425.4316 424.9127 424.3218 423.7413 423.1052 422.4547 422.8237 423.8091 424.7817 425.7477 426.4675 427.1921 427.7471 428.1695 428.4659 428.7914 429.1322 429.4562 429.8999 430.2358 430.5502 430.8725 431.2561 431.5502 431.7689 431.9541 432.1154 432.401 432.8725 433.273 433.4777 433.5371 433.6331 433.6924 434.3559 435.2866 435.9605 436.4117 436.8306
443.1032 442.9749 442.7489 442.4752 441.696 440.8395 440.1107 439.4068 438.7511 438.1259 437.3594 436.6489 436.1403 435.545 434.9787 434.4399 433.7777 432.7787 431.8374 431.1788 430.5416 429.8748 429.3189 428.4771 427.4073 426.882 426.4657 425.9754 425.2831 424.5116 423.8405 423.1786 423.092 424.2009 425.4501 426.5938 427.517 428.1769 428.5781 428.9399 429.2948 429.633 430.0578 430.4088 430.7622 431.0966 431.6176 432.0693 432.38 432.6369 432.8101 433.0121 433.1084 433.2096 433.6996 434.0414 434.3701 434.4892 434.6342 434.8965 435.3119 436.0814 436.8434 437.1402 437.5205
443.4161 443.3492 443.1547 442.8479 442.3319 441.631 440.9006 440.0584 439.3081 438.7111 437.9361 437.171 436.5246 436.0494 435.4707 434.7701 434.0832 433.2379 432.3263 431.6602 431.2819 430.799 430.5811 430.0315 429.1014 428.5085 427.7696 427.0276 426.4473 425.5883 424.6869 424.0241 423.6335 424.7135 426.0139 427.2281 428.3404 429.0106 429.4429 429.8306 430.2059 430.48 430.7772 431.1447 431.7518 432.3596 432.9319 433.2579 433.5993 433.8934 433.9773 434.0833 434.154 434.2615 434.5644 434.8591 435.1957 435.379 435.6646 436.1357 436.6208 437.0061 437.4253 437.7611 438.2716
443.6429 443.6343 443.4872 443.2072 442.9638 442.4299 441.7635 440.9374 440.0512 439.2928 438.5427 437.7527 436.9341 436.459 435.9713 435.2473 434.3684 433.5814 433.0442 432.4503 432.0295 431.7313 431.4386 430.8761 430.7206 430.1322 429.2974 428.4279 427.4933 426.7083 425.6834 424.9532 424.386 424.9076 426.3181 427.6703 428.9053 429.8056 430.3212 430.7104 430.8624 431.2258 431.7351 432.3224 433.0252 433.7492 434.2018 434.5935 434.8645 435.1341 435.2843 435.3022 435.185 435.119 435.1432 435.4132 435.8228 436.248 436.6847 437.1757 437.6755 437.87 438.2215 438.5261 438.9808
443.8261 443.8252 443.7626 443.6029 443.3788 443.0877 442.6204 441.9099 440.7456 439.9043 439.1465 438.3976 437.5922 436.9181 436.3748 435.6753 434.8036 434.2142 433.5809 433.1687 432.7294 432.424 432.0006 431.4582 431.4655 431.2251 430.7773 429.8879 428.7848 427.732 426.7806 425.9561 425.2289 425.2083 426.7658 428.3036 429.4364 430.4926 431.0932 431.3245 431.7063 432.2346 432.9057 433.5459 434.2245 434.8909 435.28 435.7046 436.1828 436.4072 436.4709 436.3707 436.094 435.9563 435.9259 436.0194 436.5145 437.0478 437.574 437.8817 438.2015 438.5591 438.9215 439.2125 439.675
444.0203 444.0477 443.9993 443.8824 443.7092 443.4977 443.1892 442.5904 441.6073 440.6302 439.7607 439 438.1947 437.3806 436.8324 436.2507 435.5805 434.9685 434.3197 433.7251 433.2902 432.859 432.3635 432.0039 432.1509 432.1793 431.9692 431.071 430.1998 428.8482 427.6985 426.7366 425.9827 425.8059 427.5129 429.3158 430.3282 431.1136 431.6705 432.1157 432.5975 433.3268 434.0637 434.6701 435.3398 435.8456 436.0434 436.6035 437.0599 437.2431 437.2751 437.1667 436.907 436.6911 436.7364 436.8557 437.2348 437.7426 438.1707 438.5566 438.8553 439.1765 439.5151 439.9167 440.3662
444.2422 444.2556 444.2453 444.1615 444.0046 443.8933 443.5501 443.1972 442.3885 441.3234 440.3611 439.5439 438.6932 438.0529 437.4573 436.8159 436.3144 435.6701 434.9774 434.226 433.675 433.2629 432.7398 432.7164 432.7023 432.6211 432.4018 431.8201 431.1028 429.8866 428.8281 427.7975 426.6191 426.6455 428.5014 430.0282 430.9007 431.6262 432.3577 433.1111 433.7283 434.3942 435.0859 435.7921 436.3537 436.6932 436.8318 437.2015 437.7117 437.9731 437.9619 437.837 437.6479 437.5371 437.5886 437.699 437.9806 438.5191 438.9521 439.3068 439.5656 439.7651 440.153 440.5002 440.9746
444.4268 444.4287 444.4157 444.3513 444.3034 444.0945 443.9164 443.5337 442.911 441.912 440.9741 440.0487 439.2954 438.7539 438.2113 437.5423 436.8898 436.2094 435.4484 434.6696 434.1142 433.6483 433.116 433.2232 433.2898 433.1199 432.6573 432.0498 431.3457 430.5138 430.3729 428.9031 427.2152 427.4294 429.5171 430.527 431.5027 432.3518 433.2582 434.1416 434.8415 435.4453 436.1473 436.7194 437.1554 437.4061 437.567 437.8607 438.2586 438.4543 438.4823 438.4563 438.4013 438.3737 438.3531 438.5643 438.964 439.5102 439.8516 440.0757 440.3092 440.5156 440.7992 441.2102 441.6621
444.5942 444.6396 444.5992 444.5544 444.5067 444.3474 444.1785 443.7969 443.1769 442.295 441.391 440.5917 439.8108 439.212 438.7375 438.1828 437.468 436.7053 435.8245 435.0236 434.4397 433.9944 433.5299 433.6659 433.7231 433.5717 433.011 432.3808 431.6965 431.4312 431.2293 429.9246 428.2644 428.3346 429.8393 431.0889 432.106 433.1965 434.2948 435.2425 435.9591 436.4648 436.9142 437.2405 437.6322 437.9373 438.2347 438.4818 438.7661 438.9463 438.9915 438.9846 439.0981 439.0428 439.1118 439.3651 439.8569 440.2775 440.5245 440.6366 440.9073 441.2208 441.5258 441.8933 442.3135
444.7531 444.7898 444.7758 444.7375 444.6272 444.5389 444.3437 443.9981 443.5376 442.625 441.7427 441.0668 440.4295 439.7773 439.1724 438.5378 437.8217 437.0999 436.1559 435.3957 434.8295 434.4119 433.9921 434.1562 434.1471 434.0106 433.4646 432.7925 432.3664 432.2497 432.0171 431.2741 430.0479 429.8344 430.7775 431.7138 432.8367 434.0879 435.3477 436.1693 436.7691 437.217 437.4346 437.938 438.4202 438.7263 438.8939 439.1485 439.2615 439.3954 439.4826 439.555 439.5308 439.6146 439.7364 440.0062 440.5289 440.908 441.0945 441.2781 441.5995 441.933 442.1697 442.535 442.9651
-9999 444.9002 444.8934 444.8512 444.7714 444.7312 444.5345 444.2221 443.7814 442.875 442.0534 441.571 440.9965 440.4002 439.656 438.9255 438.1501 437.3861 436.5176 435.7825 435.1901 434.6792 434.5775 434.6871 434.6589 434.4271 433.9905 433.4847 433.3983 433.1491 432.7625 432.2506 430.8948 430.3904 431.5074 432.4547 433.5439 434.7828 436.0728 436.8896 437.3988 437.7737 438.1066 438.6824 439.1735 439.3922 439.5496 439.7062 439.8166 439.9365 440.0198 440.0791 440.1121 440.2546 440.4476 440.905 441.3839 441.6249 441.7993 442.001 442.2713 442.6625 442.9392 443.3244 443.7149
-9999 445.0136 445.0125 444.9639 444.9088 444.8488 444.7088 444.4749 444.0805 443.4185 442.6655 442.1647 441.538 441.0069 440.2728 439.359 438.5273 437.6945 436.8465 436.1212 435.454 435.0668 435.2899 435.3194 435.246 435.0115 434.6291 434.4979 434.3518 434.0001 433.2545 432.4992 431.3358 431.3525 432.2094 433.3534 434.4908 435.5108 436.5786 437.5442 438.1768 438.4907 438.7973 439.2298 439.6432 439.9282 440.0757 440.2274 440.3908 440.4591 440.5934 440.7357 440.7754 441.0005 441.292 441.7784 442.141 442.2846 442.4846 442.758 443.108 443.4055 443.6852 444.0589 444.4627
-9999 445.0859 445.1329 445.071 444.9815 444.9304 444.8555 444.709 444.4359 443.89 443.2243 442.6432 442.0699 441.5849 440.7755 439.7246 438.7511 437.7578 436.9115 436.3571 436.1531 435.8372 435.985 436.114 436.0374 435.8027 435.4982 435.4312 435.3575 434.6665 433.7176 432.7685 432.3452 432.7617 433.312 434.3609 435.461 436.4266 437.2226 437.9926 438.6191 438.996 439.3543 439.7547 440.0345 440.3394 440.5689 440.7428 440.9214 441.0616 441.2225 441.3878 441.5346 441.7961 442.1019 442.4672 442.7668 442.9562 443.3077 443.6353 443.8094 443.988 444.2967 444.7224 445.1082
-9999 445.1693 445.2048 445.1734 445.0931 445.0364 445.007 444.8897 444.7007 444.411 443.8377 443.3018 442.5554 441.9925 441.0866 440.0421 438.9638 438.0596 437.2726 437.1659 436.8376 436.656 436.9196 436.9623 436.8618 436.6748 436.4214 436.199 435.8467 434.9979 434.0665 433.1667 433.5832 434.1861 434.9017 435.2292 436.01 436.8568 437.621 438.4019 439.0236 439.4423 439.8958 440.2529 440.4694 440.7913 441.0753 441.251 441.5108 441.7336 441.9363 442.1597 442.335 442.5789 442.8484 443.1481 443.3456 443.6093 443.9067 444.191 444.4123 444.5286 444.8285 445.3798 445.722
-9999 445.236 445.2516 445.2173 445.2089 445.1601 445.148 445.0753 444.9737 444.7756 444.4202 443.9173 443.1635 442.5 441.5768 440.5068 439.4337 438.7055 438.1988 437.9106 437.6852 437.6189 437.8374 438.027 437.8479 437.6523 437.5298 437.0522 436.4753 435.6113 434.5787 433.9334 434.6975 435.168 435.7224 435.8802 436.3094 437.1682 438.1046 438.98 439.4932 439.9867 440.4644 440.7536 440.9793 441.2874 441.5523 441.7814 442.0418 442.3229 442.5971 442.8517 443.0804 443.2985 443.5408 443.6332 443.92 444.2313 444.5154 444.8401 445.0618 445.2581 445.5219 445.9727 446.3937
-9999 445.3224 445.3399 445.3712 445.3963 445.346 445.2871 445.2647 445.2397 445.1207 444.9158 444.4805 443.8376 443.1011 442.3664 441.1551 440.3218 439.6184 439.2498 438.9922 438.792 438.614 438.7076 438.7756 438.6039 438.4388 438.1688 437.9498 437.53 436.4284 435.0888 434.7866 435.6155 436.0833 436.4936 436.7735 436.9031 437.5194 438.5175 439.4396 439.9759 440.5491 440.9708 441.2005 441.5428 441.884 442.0869 442.3026 442.6112 443.0174 443.2746 443.4861 443.7538 443.8798 444.1285 444.3045 444.5958 444.9087 445.1759 445.4091 445.6325 445.9051 446.2894 446.701 447.1045
-9999 -9999 445.471 445.5247 445.531 445.5018 445.4862 445.46 445.4372 445.3613 445.1909 444.986 444.5366 443.9908 443.1979 442.2646 441.3617 440.7624 440.244 439.9963 439.7449 439.5793 439.5475 439.488 439.328 438.9751 438.8369 438.6381 438.2995 437.2175 435.7596 435.6732 436.6408 437.2782 437.6193 437.8429 437.8947 438.3326 439.0516 439.902 440.6168 441.1011 441.4195 441.7293 442.0634 442.3537 442.5918 442.8825 443.2324 443.5417 443.7779 443.9519 444.2544 444.604 444.91 445.1006 445.3416 445.4799 445.7471 445.9978 446.1831 446.5099 447.0493 447.5267 447.9155
-9999 -9999 445.6284 445.6931 445.6759 445.6825 445.7302 445.7436 445.6847 445.6035 445.4889 445.3245 445.1341 444.8688 444.2187 443.4491 442.7289 442.12 441.5825 441.101 440.7012 440.4654 440.4192 440.3198 440.0857 439.8247 439.502 439.1778 438.8136 437.8885 436.6723 436.6938 437.7483 438.6139 438.8423 438.9825 439.1617 439.4772 439.9207 440.6992 441.2221 441.5466 441.8611 442.2887 442.5767 442.8734 443.2291 443.525 443.7537 444.0057 444.2442 444.4948 444.8624 445.2311 445.5032 445.6898 445.9042 446.1696 446.434 446.7231 446.9045 447.2742 448.0471 448.4804 448.7825
-9999 -9999 445.7438 445.7673 445.8286 445.8649 445.9304 445.94 445.9032 445.8467 445.7235 445.5953 445.4741 445.3183 444.9902 444.6209 444.0675 443.6008 443.0384 442.4747 441.9819 441.6812 441.5565 441.2795 441 440.6052 440.2876 439.8533 439.3181 438.5976 437.8273 438.271 438.8866 439.4202 439.9579 440.1043 440.406 440.6913 440.9895 441.336 441.7597 442.108 442.4793 442.8582 443.1517 443.4903 443.8253 444.0796 444.3446 444.5552 444.8923 445.1574 445.4843 445.8153 446.1319 446.3625 446.6342 446.9845 447.285 447.5238 447.8142 448.3243 448.9662 449.3447 449.5499
